Database : metameshdatabase	Total Entry Count : 4958	Total Key Count : 103	Key Dim : 4	Total Group Count : 2
>Acidobacteria;Actinobacteria;Bacteroidetes;Proteobacteria;
44	4772	4780	
>Acidobacteria;Actinobacteria;Firmicutes;Proteobacteria;
97	
>Acidobacteria;Actinobacteria;Proteobacteria;
19	34	35	36	45	72	81	84	85	226	1869	1883	1886	1887	1891	1892	1895	1896	1904	1909	1918	4796	
>Acidobacteria;Bacteroidetes;Proteobacteria;
56	225	227	234	236	240	241	243	246	252	254	256	263	4778	4779	4789	4790	4791	4798	4803	4807	
>Acidobacteria;Firmicutes;Proteobacteria;
48	67	2197	2198	2205	
>Acidobacteria;Haptophyceae;Proteobacteria;
1194	
>Acidobacteria;Haptophyceae;Proteobacteria;Verrucomicrobia;
724	
>Acidobacteria;Ktedobacteria;Proteobacteria;
1889	
>Acidobacteria;Proteobacteria;
16	17	20	24	27	28	29	30	31	38	39	40	42	43	46	51	58	59	61	62	63	65	66	70	73	74	76	79	80	82	86	87	89	93	94	96	99	101	102	224	229	230	231	232	233	235	237	238	244	245	248	249	250	251	253	255	257	258	259	261	262	264	265	266	267	268	269	271	272	273	274	275	276	277	278	279	280	282	284	285	286	287	288	289	290	291	292	294	296	371	381	455	497	509	564	601	614	646	671	687	718	740	756	783	786	789	800	801	803	823	845	897	955	962	1064	1095	1110	1122	1173	1191	1196	1238	1261	1269	1297	1345	1354	1363	1456	1467	1468	1502	1550	1567	1582	1633	1640	1695	1745	1752	1803	1870	1871	1873	1874	1879	1880	1881	1882	1884	1888	1893	1894	1897	1898	1899	1901	1902	1903	1905	1907	1908	1910	1911	1912	1913	1915	1916	1917	2195	2199	2210	2373	2381	2383	2404	2424	2453	2549	2565	2566	2567	2568	2569	2570	2571	2572	2573	2574	2575	2576	2619	2625	2649	2655	2686	2733	2760	2770	2771	2773	2774	2775	2776	2777	2778	2780	2781	2782	2783	2784	2787	2788	2789	2790	2791	2792	2793	2795	2796	2913	4774	4775	4776	4777	4781	4782	4783	4784	4785	4786	4787	4788	4792	4793	4794	4795	4797	4799	4800	4801	4802	4804	4805	4806	4809	4810	
>Acidobacteria;Proteobacteria;Verrucomicrobia;
433	569	603	894	1022	1126	1190	1381	1581	1596	1699	1808	
>Actinobacteria;
2215	2216	2219	2221	2497	2518	4017	4020	4042	4057	4068	4069	4087	4096	4097	4156	4159	4164	4166	4168	4169	4178	4187	4188	4189	4190	4197	4205	4225	4260	4263	4265	4532	4698	
>Actinobacteria;Bacteroidetes;Cyanobacteria;Proteobacteria;
2601	2630	2680	2692	2703	2710	
>Actinobacteria;Bacteroidetes;Firmicutes;
3631	3902	3908	3925	3977	4110	
>Actinobacteria;Bacteroidetes;Firmicutes;Proteobacteria;
3932	4047	4206	4219	4295	4526	4530	4577	
>Actinobacteria;Bacteroidetes;Proteobacteria;
13	21	22	23	49	50	57	68	71	75	396	409	535	551	605	659	856	900	916	1008	1017	1259	1404	1438	1565	1569	1729	2506	2623	2631	2671	2702	2712	2768	2841	4495	4500	4516	4521	4555	4559	4566	4597	4598	4677	4690	4694	4695	4696	4709	4710	4715	4717	4723	
>Actinobacteria;Bacteroidetes;Verrucomicrobia;
4870	
>Actinobacteria;Crenarchaeota;Euryarchaeota;Proteobacteria;
2891	
>Actinobacteria;Cyanobacteria;
11	2382	2410	2422	2440	2455	2456	2500	
>Actinobacteria;Cyanobacteria;Proteobacteria;
945	1192	2666	4562	
>Actinobacteria;Euryarchaeota;
2902	
>Actinobacteria;Euryarchaeota;Proteobacteria;
2896	
>Actinobacteria;Firmicutes;
2220	2223	2228	2230	2231	2232	2233	3301	3890	3891	3906	3911	3920	3943	4008	4009	4012	4018	4026	4028	4029	4030	4040	4041	4043	4044	4058	4061	4062	4064	4065	4079	4088	4089	4090	4102	4104	4106	4112	4116	4117	4126	4130	4132	4133	4135	4140	4142	4148	4149	4151	4154	4155	4158	4161	4163	4167	4183	4191	4194	4200	4202	4203	4204	4210	4215	4218	4220	4223	4228	4230	4240	4241	4242	4246	4249	4251	4253	4261	4266	4268	4269	4270	4271	4273	4274	4275	4277	4278	4279	4281	4282	4285	4286	4289	4290	4293	4294	4297	4298	4300	4550	4570	4616	4675	4681	4740	4936	4941	4942	
>Actinobacteria;Firmicutes;Proteobacteria;
98	100	2406	2492	2501	2516	2682	2683	2726	2742	3926	3929	3930	3933	3934	3936	3940	3944	3948	3951	3952	3953	3954	3955	3956	3957	3960	3962	3966	3972	3974	3981	3983	3986	3989	3990	3993	3996	4000	4003	4013	4014	4021	4023	4025	4027	4034	4035	4052	4053	4055	4060	4071	4072	4074	4082	4098	4101	4103	4114	4120	4125	4128	4131	4138	4145	4150	4174	4176	4177	4192	4193	4196	4207	4208	4211	4212	4221	4222	4226	4227	4229	4231	4232	4233	4234	4236	4237	4238	4243	4244	4245	4247	4248	4250	4252	4254	4258	4259	4262	4264	4272	4276	4280	4283	4284	4288	4292	4296	4299	4541	4556	4572	4586	4599	4606	4607	4633	4667	4674	4682	4706	4711	4728	4732	
>Actinobacteria;Haptophyceae;Proteobacteria;
520	631	737	796	877	963	1018	1050	1112	1113	1117	1132	1133	1136	1137	1262	1276	1330	1362	1408	1441	1471	1543	1557	1561	1642	1704	1746	
>Actinobacteria;Haptophyceae;Proteobacteria;stramenopiles;
490	767	902	
>Actinobacteria;Planctomycetes;Proteobacteria;
459	653	1411	
>Actinobacteria;Proteobacteria;
10	15	18	25	26	33	37	47	52	53	54	55	64	77	78	83	91	92	270	369	373	380	386	391	394	395	412	414	417	418	419	421	425	431	434	440	441	444	446	450	457	458	461	467	481	482	486	489	491	492	501	511	517	519	523	525	530	531	536	542	547	548	553	557	563	566	571	576	577	578	581	583	586	588	591	593	595	596	606	607	608	618	621	626	627	639	640	643	649	658	661	662	664	665	667	672	677	683	686	688	689	691	697	706	709	711	714	716	723	728	731	732	739	742	745	746	747	749	753	754	762	763	764	766	770	771	773	778	779	785	790	792	795	804	808	809	811	812	814	817	822	824	826	827	828	829	831	833	835	836	838	840	841	843	846	851	852	854	861	863	865	867	871	875	879	880	884	886	887	890	891	896	898	907	910	912	913	920	921	922	923	926	929	935	943	944	952	956	957	958	965	971	977	983	985	987	988	989	993	1001	1002	1003	1009	1011	1013	1019	1021	1025	1032	1034	1039	1043	1046	1048	1049	1058	1062	1063	1070	1074	1080	1084	1091	1099	1106	1109	1111	1118	1121	1124	1125	1127	1129	1130	1131	1134	1138	1141	1142	1145	1149	1154	1159	1160	1161	1162	1163	1166	1169	1172	1174	1182	1184	1188	1195	1197	1198	1200	1201	1203	1205	1216	1217	1218	1220	1230	1233	1246	1249	1250	1251	1252	1255	1257	1264	1267	1272	1273	1274	1284	1288	1290	1293	1306	1312	1325	1328	1329	1332	1335	1338	1340	1344	1348	1352	1357	1361	1368	1369	1371	1372	1373	1378	1380	1382	1383	1384	1391	1410	1420	1422	1425	1427	1433	1439	1440	1451	1453	1457	1462	1466	1470	1473	1475	1479	1483	1484	1485	1490	1503	1507	1509	1517	1518	1521	1523	1528	1531	1534	1537	1546	1553	1555	1556	1559	1564	1568	1572	1575	1576	1579	1586	1595	1610	1614	1623	1629	1631	1632	1639	1643	1646	1647	1648	1649	1651	1652	1653	1655	1656	1667	1668	1672	1673	1675	1677	1678	1680	1681	1688	1690	1705	1708	1709	1710	1712	1714	1717	1718	1720	1722	1724	1728	1730	1734	1735	1738	1741	1743	1762	1769	1774	1775	1781	1782	1783	1787	1789	1792	1796	1797	1800	1801	1806	1810	1872	1876	1877	1878	1885	1890	1900	1906	1914	2227	2371	2372	2378	2385	2389	2395	2396	2398	2415	2417	2442	2483	2484	2498	2505	2545	2561	2580	2589	2593	2621	2624	2627	2639	2674	2706	2739	2754	2762	2833	2895	3134	3136	3137	3140	3145	3146	3147	3151	3152	3219	3252	3947	3963	3998	4006	4032	4039	4046	4048	4049	4054	4056	4070	4073	4075	4080	4094	4108	4157	4175	4185	4186	4499	4514	4525	4536	4545	4552	4567	4578	4601	4613	4623	4652	4660	4773	4808	
>Actinobacteria;Proteobacteria;Verrucomicrobia;
546	597	690	862	903	937	991	1030	1092	1199	1253	1314	1343	1360	1403	1409	1415	
>Actinobacteria;Proteobacteria;stramenopiles;
377	398	427	428	445	451	462	498	510	514	515	522	543	544	572	584	620	641	669	692	707	735	741	759	765	780	784	857	873	901	905	951	960	972	1026	1035	1086	1090	1100	1107	1135	1148	1225	1231	1260	1271	1275	1300	1301	1394	1423	1431	1469	1472	1492	1499	1506	1512	1530	1580	1590	1612	1634	1659	1664	1766	1780	
>Aquificae;Euryarchaeota;
3143	
>Aquificae;Proteobacteria;
3148	3149	
>Bacteroidetes;
3166	3579	3786	3809	4002	4496	4517	4528	4535	4542	4574	4604	4621	4647	4673	4684	4880	
>Bacteroidetes;Chlorobi;Proteobacteria;
3174	
>Bacteroidetes;Cyanobacteria;
3142	
>Bacteroidetes;Cyanobacteria;Proteobacteria;
1848	2959	3056	3235	
>Bacteroidetes;Deferribacteres;
4823	
>Bacteroidetes;Deferribacteres;Firmicutes;
4889	
>Bacteroidetes;Deferribacteres;Firmicutes;Proteobacteria;
4893	
>Bacteroidetes;Deferribacteres;Proteobacteria;Spirochaetes;
4874	
>Bacteroidetes;Deferribacteres;Spirochaetes;Verrucomicrobia;
4908	
>Bacteroidetes;Euryarchaeota;Proteobacteria;
3105	3113	3117	3120	3126	3127	3230	3241	
>Bacteroidetes;Firmicutes;
2379	2380	2403	2418	2421	2426	2427	2428	2445	2448	2459	2461	2468	2470	2485	2495	2502	2509	2512	2519	2524	2527	2535	2541	2556	2558	2583	2590	2599	2608	2609	2611	2614	2617	2629	2632	2642	2645	2648	2650	2653	2660	2664	2665	2670	2678	2685	2688	2693	2694	2696	2699	2708	2717	2718	2720	2724	2731	2734	2749	2759	2763	2764	2767	2769	3258	3259	3260	3261	3262	3264	3265	3266	3267	3268	3270	3272	3274	3279	3280	3282	3283	3284	3286	3290	3291	3293	3295	3297	3298	3300	3302	3303	3304	3305	3306	3308	3309	3310	3311	3313	3314	3315	3316	3317	3319	3320	3321	3322	3323	3324	3325	3326	3327	3328	3329	3330	3331	3332	3333	3334	3335	3336	3337	3338	3339	3342	3343	3345	3346	3347	3348	3349	3350	3351	3352	3353	3355	3356	3357	3358	3359	3360	3361	3362	3363	3365	3366	3367	3370	3371	3372	3374	3375	3376	3377	3378	3379	3380	3381	3383	3386	3388	3392	3394	3395	3396	3397	3398	3399	3400	3401	3402	3403	3404	3405	3406	3407	3409	3411	3412	3413	3414	3415	3416	3417	3418	3419	3420	3422	3424	3425	3427	3428	3430	3431	3432	3433	3434	3435	3437	3439	3441	3442	3444	3446	3447	3448	3449	3450	3451	3454	3455	3456	3457	3458	3460	3461	3462	3463	3465	3466	3467	3468	3470	3473	3474	3475	3476	3477	3478	3479	3482	3483	3484	3485	3486	3487	3488	3490	3491	3492	3493	3494	3495	3496	3497	3500	3501	3502	3503	3504	3505	3506	3507	3509	3510	3512	3513	3514	3515	3516	3517	3523	3525	3526	3529	3532	3533	3535	3536	3538	3541	3543	3544	3545	3546	3548	3549	3551	3552	3553	3554	3555	3556	3558	3559	3560	3562	3563	3564	3565	3566	3567	3568	3569	3570	3571	3573	3574	3575	3577	3578	3585	3590	3593	3595	3598	3601	3605	3608	3612	3613	3614	3615	3617	3619	3620	3621	3625	3627	3629	3633	3634	3635	3636	3637	3638	3639	3640	3641	3642	3643	3644	3646	3647	3649	3650	3651	3653	3654	3655	3658	3660	3661	3662	3663	3664	3665	3666	3667	3668	3669	3671	3672	3674	3675	3677	3679	3680	3681	3682	3683	3684	3685	3686	3687	3688	3691	3692	3693	3694	3695	3696	3697	3698	3699	3700	3701	3702	3703	3704	3705	3706	3707	3708	3709	3710	3711	3712	3714	3715	3716	3717	3718	3719	3721	3723	3724	3725	3726	3727	3728	3729	3730	3731	3732	3733	3734	3736	3737	3740	3744	3745	3746	3747	3749	3750	3751	3752	3753	3754	3755	3756	3757	3758	3759	3760	3761	3762	3763	3764	3765	3766	3767	3769	3770	3771	3772	3773	3774	3775	3776	3777	3778	3779	3780	3781	3782	3783	3784	3785	3787	3788	3790	3791	3792	3793	3794	3795	3796	3797	3799	3800	3801	3802	3803	3804	3806	3807	3808	3810	3811	3812	3813	3814	3815	3816	3817	3819	3820	3822	3823	3824	3825	3826	3828	3829	3830	3831	3832	3833	3834	3835	3836	3837	3838	3840	3841	3842	3892	3894	3895	3897	3898	3899	3901	3903	3905	3910	3912	3913	3916	3917	3918	3921	3923	3924	3941	3969	3976	3997	4001	4019	4033	4045	4051	4066	4083	4085	4095	4115	4127	4136	4143	4144	4160	4162	4173	4180	4182	4198	4301	4302	4304	4306	4307	4308	4311	4312	4314	4315	4316	4317	4318	4319	4320	4321	4322	4323	4324	4325	4326	4329	4330	4331	4333	4334	4336	4338	4339	4340	4341	4342	4343	4344	4346	4349	4350	4351	4352	4353	4354	4355	4356	4357	4358	4360	4361	4362	4363	4364	4365	4366	4367	4369	4370	4371	4372	4374	4376	4377	4378	4379	4380	4381	4382	4383	4385	4388	4389	4390	4391	4392	4394	4395	4396	4398	4399	4401	4402	4404	4405	4406	4407	4409	4410	4411	4413	4414	4416	4417	4418	4419	4420	4421	4423	4425	4429	4430	4431	4432	4433	4434	4436	4438	4439	4440	4441	4442	4443	4444	4445	4446	4447	4448	4449	4450	4451	4452	4454	4456	4457	4458	4459	4460	4461	4463	4465	4466	4467	4469	4470	4471	4472	4473	4474	4476	4477	4478	4479	4480	4481	4482	4483	4484	4486	4488	4490	4513	4522	4726	4729	4736	4737	4741	4742	4744	4745	4747	4752	4753	4754	4757	4758	4759	4761	4763	4765	4766	4768	4769	4770	4771	4811	4825	4828	4830	4853	4856	4897	4904	4910	4927	4929	4931	4933	4934	4935	4937	4938	4939	4940	4943	4944	4945	
>Bacteroidetes;Firmicutes;Fusobacteria;
3979	3999	4925	
>Bacteroidetes;Firmicutes;Fusobacteria;Proteobacteria;
3991	4076	
>Bacteroidetes;Firmicutes;Proteobacteria;
88	2377	2393	2399	2408	2441	2458	2471	2476	2477	2478	2486	2487	2503	2514	2533	2540	2546	2554	2560	2652	2661	2668	2740	3607	3610	3628	3927	3935	3949	3959	3964	3984	3992	4022	4031	4037	4059	4067	4077	4092	4109	4141	4650	4815	4834	4851	4854	4857	4866	4879	4903	4919	
>Bacteroidetes;Firmicutes;Verrucomicrobia;
4878	4883	4892	4905	4913	
>Bacteroidetes;Fusobacteria;Verrucomicrobia;
4833	
>Bacteroidetes;Haptophyceae;Proteobacteria;
300	319	345	354	
>Bacteroidetes;Proteobacteria;
0	3	6	7	8	41	90	148	160	194	228	239	297	306	309	310	311	312	316	317	318	321	322	327	328	331	336	337	339	341	342	344	349	352	356	359	362	364	366	367	384	390	439	472	574	604	633	645	701	820	889	895	996	1007	1144	1185	1224	1313	1341	1413	1491	1731	1770	1813	1822	1827	1829	1830	1833	1834	1839	1845	1853	1856	1857	1858	1861	1865	1867	1868	1923	1929	1931	1938	1961	1968	1969	1976	1982	1999	2004	2009	2010	2028	2029	2032	2034	2039	2051	2052	2057	2073	2084	2085	2104	2115	2130	2140	2142	2148	2153	2156	2163	2168	2169	2171	2187	2189	2374	2394	2411	2431	2437	2438	2439	2496	2526	2536	2562	2584	2636	2643	2654	2676	2705	2711	2744	2746	2819	2863	2865	2906	2919	2955	2983	2990	2991	3010	3030	3048	3080	3084	3086	3100	3103	3104	3106	3108	3112	3115	3116	3121	3122	3123	3124	3168	3172	3173	3175	3180	3185	3187	3190	3191	3192	3200	3204	3211	3213	3221	3222	3227	3245	3246	3253	3254	3256	3847	3848	3849	3851	3856	3860	3876	3882	3888	3938	3942	3958	3980	3987	4498	4502	4506	4511	4519	4523	4531	4533	4551	4557	4561	4564	4589	4594	4596	4600	4602	4610	4614	4615	4618	4620	4626	4627	4640	4643	4651	4657	4661	4665	4678	4691	4692	4699	4702	4705	4716	4722	4724	4733	4832	4840	4852	4887	
>Bacteroidetes;Proteobacteria;Spirochaetes;
4827	
>Bacteroidetes;Proteobacteria;Verrucomicrobia;
4846	
>Bacteroidetes;Proteobacteria;Viridiplantae;
3212	3225	
>Bacteroidetes;Proteobacteria;stramenopiles;
368	1812	1814	1832	1838	1840	1930	1964	1989	2002	2023	2043	2087	2133	2158	2159	2179	2191	2402	2521	2528	2610	2638	2673	2722	3182	
>Bacteroidetes;Verrucomicrobia;
4858	4864	4872	4885	4896	
>Caldus;Proteobacteria;
2304	
>Chloroflexi;
2212	
>Chloroflexi;Firmicutes;Proteobacteria;
2207	
>Chloroflexi;Proteobacteria;
2196	2200	
>Crenarchaeota;Euryarchaeota;
2255	
>Cryptophyta;Proteobacteria;stramenopiles;
115	173	
>Cyanobacteria;
14	2917	
>Cyanobacteria;Euryarchaeota;Proteobacteria;
2922	3133	
>Cyanobacteria;Firmicutes;Proteobacteria;
2547	
>Cyanobacteria;Haptophyceae;Proteobacteria;
3095	3096	
>Cyanobacteria;Proteobacteria;
399	674	1004	1036	1055	1215	1417	1587	1778	1825	2037	2064	2138	2436	2463	2473	2564	2585	2850	2852	2853	2855	2856	2860	2867	2868	2916	2918	2928	2929	2931	2934	2935	2936	2937	2998	3009	3013	3015	3024	3025	3031	3060	3092	3139	3154	3155	3156	3157	3158	3159	3160	3161	3162	3163	3164	4950	4951	4952	4953	4954	4956	
>Deferribacteres;Spirochaetes;Verrucomicrobia;
4836	
>Euryarchaeota;
2252	2253	2262	2266	2273	2275	2277	2278	2280	2281	2282	2283	2284	2285	2288	2291	2292	2296	2297	2299	2300	2301	2302	2303	2309	2310	2311	2312	2313	2314	2320	2321	2325	2326	2327	2329	2331	2333	2335	2336	2337	2339	2341	2342	2343	2346	2349	2351	2352	2353	2355	2356	2358	2360	2361	2362	2363	2365	2366	3131	3132	3135	3144	3150	3153	
>Euryarchaeota;Crenarchaeota;
2257	2265	
>Euryarchaeota;Firmicutes;Proteobacteria;
2890	2904	
>Euryarchaeota;Haptophyceae;
3216	
>Euryarchaeota;Haptophyceae;Proteobacteria;stramenopiles;
3198	
>Euryarchaeota;Nitrospirae;
2881	
>Euryarchaeota;Proteobacteria;
1942	2030	2090	2121	2136	2167	2814	2816	2879	2901	3098	3099	3101	3102	3109	3110	3111	3118	3125	3129	3130	3170	3202	3215	3255	3257	
>Euryarchaeota;Proteobacteria;stramenopiles;
1924	2046	3171	
>Euryarchaeota;stramenopiles;
3169	3178	3196	3197	3210	3234	3236	3243	3251	
>Firmicutes;
2214	2222	2224	2435	2451	2462	2474	2475	2520	2522	2579	2595	2603	2605	2657	2677	2681	2687	2689	2697	2701	2714	2721	2737	2753	2756	2757	2820	2920	2921	3263	3269	3271	3275	3276	3277	3281	3285	3287	3289	3292	3294	3299	3307	3312	3318	3340	3341	3354	3364	3368	3373	3382	3384	3385	3390	3391	3410	3421	3423	3426	3429	3438	3440	3443	3445	3453	3469	3471	3472	3489	3498	3499	3508	3511	3519	3521	3522	3524	3530	3537	3539	3540	3542	3550	3557	3561	3576	3583	3584	3587	3589	3592	3600	3603	3604	3618	3622	3623	3624	3626	3632	3645	3670	3689	3722	3735	3738	3748	3805	3827	3839	3843	3844	3881	3889	3893	3896	3900	3909	3914	3919	3922	3968	4010	4011	4038	4063	4081	4093	4100	4113	4123	4124	4152	4153	4170	4171	4172	4179	4184	4209	4213	4214	4216	4217	4235	4239	4255	4256	4287	4291	4303	4305	4309	4310	4313	4327	4328	4332	4335	4337	4345	4347	4348	4373	4375	4384	4386	4387	4400	4403	4408	4412	4415	4422	4424	4427	4428	4437	4453	4455	4464	4468	4489	4584	4608	4612	4635	4735	4739	4746	4748	4749	4750	4756	4760	4762	4764	4767	4812	4813	4814	4816	4817	4818	4820	4821	4822	4824	4829	4831	4835	4837	4838	4839	4841	4842	4843	4844	4845	4847	4848	4849	4850	4859	4861	4862	4867	4868	4869	4871	4873	4875	4877	4881	4882	4884	4886	4888	4891	4894	4895	4898	4899	4900	4902	4906	4907	4912	4914	4915	4916	4917	4918	4924	4926	4928	4930	4932	
>Firmicutes;Actinobacteria;
2218	4015	4091	4119	4165	4181	4195	4755	
>Firmicutes;Bacteroidetes;
2397	2419	2443	2480	2494	2517	2543	3273	3278	3288	3344	3369	3387	3389	3393	3408	3436	3452	3459	3464	3480	3481	3518	3520	3527	3528	3531	3534	3547	3572	3648	3652	3656	3657	3659	3673	3676	3678	3690	3713	3720	3739	3741	3742	3743	3768	3789	3798	3818	3821	3904	3907	3915	4111	4359	4368	4393	4397	4426	4435	4462	4475	4485	4487	4734	4738	4743	
>Firmicutes;Fusobacteria;Proteobacteria;
3971	4016	4751	
>Firmicutes;Proteobacteria;
60	2203	2204	2209	2211	2213	2217	2225	2246	2261	2305	2387	2400	2401	2409	2416	2425	2429	2432	2447	2454	2482	2489	2491	2507	2511	2525	2548	2552	2553	2555	2602	2604	2626	2637	2647	2658	2672	2695	2698	2704	2707	2709	2716	2728	2732	2736	2745	2747	2750	2761	2765	2766	2800	2801	2802	2803	2804	2805	2806	2807	2809	2810	2811	2812	2821	2871	2872	2874	2875	2876	2877	2889	2897	2914	3208	3580	3581	3582	3586	3588	3591	3594	3596	3597	3599	3602	3606	3609	3611	3616	3630	3845	3846	3859	3865	3867	3868	3873	3879	3886	3887	3931	3937	3945	3946	3950	3961	3965	3970	3973	3975	3978	3982	3985	3995	4005	4024	4078	4084	4086	4099	4134	4137	4146	4199	4201	4224	4257	4267	4491	4505	4534	4539	4544	4547	4592	4605	4636	4658	4659	4671	4672	4688	4701	4819	4826	4860	4865	4876	4890	4901	4909	4911	4923	
>Firmicutes;Proteobacteria;stramenopiles;
598	1072	1176	1577	
>Fusobacteria;Proteobacteria;
1817	
>Haptophyceae;Proteobacteria;
111	119	123	130	147	158	188	210	214	215	303	307	315	324	326	332	335	343	348	350	353	357	361	363	466	502	528	616	632	678	680	693	700	757	858	866	941	947	974	998	1037	1056	1066	1229	1263	1292	1399	1400	1401	1429	1434	1452	1474	1525	1539	1598	1600	1602	1621	1663	1701	1744	1754	
>Haptophyceae;Proteobacteria;Verrucomicrobia;
1622	
>Haptophyceae;Proteobacteria;stramenopiles;
177	298	299	313	329	346	358	365	448	534	1042	1698	1706	2026	2094	2099	2176	
>Haptophyceae;stramenopiles;
323	
>Planctomycetes;Proteobacteria;
2966	3032	
>Proteobacteria;
1	4	9	12	32	69	95	103	104	105	106	107	108	109	110	112	113	116	117	118	120	121	122	124	125	127	128	129	131	132	133	135	136	138	139	140	141	142	143	144	145	146	149	150	151	152	153	154	157	159	161	162	163	164	165	166	167	168	169	170	171	172	174	175	176	178	179	180	181	182	183	184	185	186	187	189	190	191	192	193	195	196	199	200	201	204	205	206	207	208	209	211	212	213	217	218	219	220	221	222	223	242	247	260	281	283	293	295	333	347	370	372	374	375	376	378	379	383	385	387	388	389	392	393	397	400	401	402	403	404	405	406	407	408	411	413	415	416	420	422	423	424	426	429	430	432	437	438	442	447	449	452	453	454	456	460	463	464	468	469	470	471	473	474	475	476	477	478	480	483	484	488	493	495	496	499	500	503	504	505	506	507	508	512	516	518	521	524	526	527	537	538	539	540	541	545	549	552	554	555	556	558	559	560	561	567	573	575	580	582	585	587	589	592	594	599	600	602	612	613	615	617	619	622	623	624	625	628	629	630	634	635	637	638	642	644	647	648	650	651	652	654	655	656	657	660	663	668	670	673	675	679	681	682	684	685	694	695	696	698	699	702	703	704	705	708	710	712	713	715	717	721	722	725	726	727	730	734	736	738	743	744	748	750	751	752	755	758	760	761	772	774	775	776	777	781	791	793	797	798	799	802	805	806	807	810	813	815	816	818	819	821	825	830	832	834	837	839	842	844	847	848	850	853	855	859	860	864	868	869	870	876	878	881	882	885	888	892	893	899	904	906	908	909	911	914	915	917	918	924	925	927	928	930	931	932	933	934	936	938	939	942	946	949	953	954	959	961	964	966	968	969	970	973	975	976	978	980	981	982	986	990	992	994	995	997	999	1000	1005	1010	1012	1014	1015	1016	1020	1024	1027	1031	1038	1040	1041	1044	1045	1047	1051	1052	1053	1054	1059	1061	1065	1067	1069	1071	1073	1076	1077	1078	1079	1082	1083	1085	1087	1089	1093	1094	1097	1098	1101	1102	1103	1104	1108	1114	1115	1116	1119	1123	1143	1147	1150	1151	1152	1153	1155	1156	1157	1158	1164	1165	1167	1168	1170	1171	1175	1177	1178	1181	1186	1187	1189	1193	1204	1207	1208	1209	1210	1212	1213	1214	1219	1221	1222	1223	1226	1227	1234	1235	1236	1237	1239	1240	1241	1243	1244	1247	1248	1254	1256	1266	1268	1277	1278	1279	1280	1282	1283	1285	1286	1287	1289	1291	1294	1295	1296	1298	1299	1302	1303	1304	1305	1307	1308	1309	1310	1311	1315	1316	1318	1319	1320	1321	1322	1323	1324	1326	1331	1333	1334	1336	1337	1349	1351	1353	1355	1356	1358	1359	1364	1365	1366	1367	1370	1374	1375	1376	1379	1385	1387	1388	1389	1390	1392	1393	1395	1396	1397	1398	1402	1405	1406	1407	1412	1414	1416	1418	1419	1424	1426	1428	1432	1435	1437	1442	1443	1444	1445	1446	1447	1448	1449	1450	1454	1455	1458	1459	1461	1463	1464	1465	1476	1477	1478	1481	1486	1487	1488	1489	1493	1494	1495	1496	1497	1500	1501	1504	1505	1508	1510	1511	1513	1514	1515	1516	1520	1522	1524	1526	1527	1529	1532	1533	1535	1536	1538	1540	1541	1542	1545	1548	1549	1552	1554	1558	1560	1562	1563	1566	1571	1573	1574	1584	1585	1588	1589	1591	1593	1594	1597	1599	1603	1604	1605	1606	1607	1608	1609	1611	1613	1615	1616	1617	1618	1619	1620	1624	1625	1626	1627	1628	1630	1635	1636	1637	1638	1641	1644	1645	1650	1654	1657	1658	1660	1662	1665	1666	1669	1670	1671	1674	1676	1679	1682	1683	1684	1685	1686	1687	1689	1691	1692	1693	1694	1696	1697	1700	1703	1707	1711	1713	1715	1721	1727	1733	1736	1737	1739	1740	1742	1747	1748	1749	1750	1751	1753	1755	1756	1757	1758	1759	1760	1763	1764	1765	1768	1771	1772	1773	1776	1784	1785	1786	1788	1790	1791	1793	1794	1795	1798	1799	1802	1804	1807	1809	1816	1819	1820	1826	1828	1831	1835	1836	1837	1842	1844	1846	1847	1851	1854	1855	1860	1862	1863	1875	1919	1920	1921	1922	1925	1926	1928	1932	1933	1934	1935	1936	1937	1943	1944	1946	1947	1948	1950	1952	1953	1955	1956	1957	1958	1959	1960	1963	1965	1966	1967	1970	1971	1974	1978	1979	1980	1981	1984	1985	1986	1987	1988	1990	1991	1992	1993	1994	1995	1996	1997	2000	2006	2007	2008	2011	2012	2013	2015	2016	2017	2018	2019	2020	2022	2024	2027	2031	2033	2035	2036	2038	2040	2041	2042	2044	2048	2049	2050	2053	2054	2056	2060	2061	2062	2066	2067	2068	2069	2070	2072	2074	2075	2076	2078	2080	2081	2082	2083	2086	2088	2092	2093	2095	2096	2098	2100	2101	2102	2103	2105	2107	2108	2110	2111	2112	2113	2114	2116	2117	2119	2122	2123	2125	2126	2128	2129	2131	2132	2134	2135	2137	2139	2144	2145	2146	2147	2149	2150	2151	2160	2161	2162	2164	2165	2166	2173	2174	2177	2178	2180	2181	2182	2183	2186	2188	2192	2193	2194	2201	2202	2206	2208	2226	2229	2234	2235	2236	2237	2238	2239	2240	2241	2242	2243	2245	2247	2248	2249	2250	2254	2256	2258	2259	2260	2263	2264	2267	2268	2269	2270	2271	2272	2274	2276	2279	2287	2289	2290	2293	2294	2295	2298	2306	2307	2308	2315	2316	2317	2318	2319	2322	2324	2328	2330	2332	2334	2338	2344	2345	2347	2348	2350	2354	2357	2359	2364	2367	2368	2369	2370	2375	2376	2384	2386	2391	2405	2407	2420	2433	2444	2446	2449	2466	2472	2479	2488	2493	2499	2508	2523	2530	2532	2534	2538	2539	2544	2550	2557	2559	2563	2577	2581	2582	2586	2587	2591	2592	2596	2597	2600	2606	2612	2615	2616	2618	2622	2634	2635	2640	2644	2656	2659	2667	2669	2675	2679	2684	2690	2691	2713	2719	2727	2730	2735	2738	2743	2748	2751	2755	2758	2772	2779	2785	2786	2794	2797	2798	2799	2808	2813	2815	2817	2818	2823	2824	2831	2834	2835	2836	2837	2838	2839	2840	2842	2843	2844	2845	2846	2847	2849	2851	2854	2857	2858	2859	2862	2864	2866	2869	2870	2873	2878	2880	2882	2883	2884	2885	2886	2887	2888	2892	2893	2894	2898	2899	2900	2903	2905	2907	2908	2909	2910	2911	2912	2915	2925	2926	2930	2932	2933	2938	2940	2941	2942	2943	2944	2945	2946	2947	2948	2950	2951	2952	2953	2954	2956	2957	2958	2960	2961	2962	2963	2964	2965	2967	2968	2969	2970	2971	2972	2973	2974	2975	2976	2977	2978	2979	2980	2981	2982	2984	2985	2986	2987	2988	2989	2992	2993	2994	2995	2996	2997	2999	3000	3001	3002	3003	3004	3005	3006	3007	3008	3011	3012	3014	3016	3017	3018	3019	3020	3021	3022	3023	3026	3027	3028	3029	3033	3034	3035	3036	3037	3038	3039	3040	3041	3042	3043	3044	3045	3046	3047	3049	3050	3051	3052	3053	3054	3055	3057	3058	3059	3061	3062	3063	3064	3065	3066	3067	3068	3069	3070	3071	3072	3073	3074	3075	3076	3077	3078	3079	3081	3082	3083	3085	3087	3088	3089	3090	3091	3093	3094	3097	3107	3114	3119	3128	3138	3141	3165	3167	3176	3177	3179	3181	3183	3184	3186	3188	3189	3193	3195	3201	3203	3206	3207	3214	3218	3220	3223	3224	3226	3229	3231	3233	3237	3238	3239	3240	3242	3244	3247	3248	3249	3296	3852	3853	3855	3857	3858	3862	3863	3864	3866	3869	3870	3871	3872	3874	3880	3883	3884	3885	3928	3939	3988	3994	4004	4036	4050	4105	4118	4129	4492	4493	4494	4497	4503	4504	4507	4508	4509	4512	4515	4518	4520	4524	4527	4529	4537	4538	4540	4543	4546	4549	4553	4558	4560	4563	4565	4569	4571	4573	4575	4576	4579	4580	4581	4582	4583	4587	4588	4590	4591	4593	4609	4611	4617	4619	4622	4624	4625	4628	4629	4630	4632	4634	4637	4638	4639	4641	4642	4644	4645	4646	4648	4649	4653	4654	4655	4656	4662	4663	4664	4666	4668	4669	4670	4676	4679	4680	4683	4685	4686	4687	4689	4693	4697	4700	4703	4704	4707	4708	4712	4713	4714	4718	4719	4720	4725	4727	4730	4731	4863	4920	4921	4922	4946	4947	4948	4949	4957	
>Proteobacteria;Actinobacteria;
610	1088	4122	4510	4548	4554	4595	4603	4631	4721	
>Proteobacteria;Bacteroidetes;
202	1841	1866	1962	1972	1998	2025	2063	2065	2079	2190	3199	3205	3209	3217	3228	3232	3250	3854	3861	3875	3878	
>Proteobacteria;Cyanobacteria;
2848	2927	4955	
>Proteobacteria;Euryarchaeota;
2071	2124	2143	2152	
>Proteobacteria;Firmicutes;
2286	2323	2340	3850	3877	3967	4007	4107	4121	4139	4147	4501	
>Proteobacteria;Rhodophyta;
1849	
>Proteobacteria;Rhodophyta;stramenopiles;
1850	
>Proteobacteria;Thermotogae;
2251	
>Proteobacteria;Verrucomicrobia;
435	436	479	532	550	570	676	729	782	794	872	940	979	1023	1033	1096	1128	1140	1179	1206	1317	1339	1342	1346	1377	1421	1519	1544	1547	1578	1601	1719	1726	1761	1805	2388	2412	2457	2465	2490	2504	2529	2861	
>Proteobacteria;Verrucomicrobia;stramenopiles;
382	
>Proteobacteria;Viridiplantae;
1821	2244	3194	
>Proteobacteria;stramenopiles;
2	5	134	137	197	198	203	301	304	305	308	314	320	330	334	338	340	351	355	360	410	443	465	485	487	494	513	529	533	562	565	568	579	590	609	611	636	666	719	720	733	768	769	787	788	849	874	883	919	948	950	967	984	1006	1028	1029	1057	1060	1068	1075	1081	1105	1120	1139	1146	1180	1183	1202	1211	1228	1232	1242	1245	1258	1265	1270	1281	1327	1347	1350	1386	1430	1436	1460	1480	1482	1498	1551	1570	1583	1592	1661	1702	1716	1723	1725	1732	1767	1777	1779	1811	1815	1823	1843	1852	1859	1864	1927	1939	1940	1941	1945	1949	1951	1954	1973	1975	1977	1983	2001	2003	2005	2014	2021	2045	2047	2055	2058	2059	2077	2089	2091	2097	2106	2109	2118	2120	2127	2141	2154	2155	2157	2170	2172	2175	2184	2185	2390	2392	2413	2423	2430	2450	2452	2460	2467	2469	2481	2510	2513	2515	2531	2537	2542	2551	2578	2588	2607	2613	2620	2633	2641	2646	2662	2663	2700	2715	2725	2729	2741	2939	2949	
>other
216	2822	2825	2826	2827	2828	2829	2830	2832	4568	4585	4855	
>stramenopiles;
114	126	155	156	302	325	2414	2434	2464	2598	2628	2723	2923	2924	
>stramenopiles;Proteobacteria;
1818	1824	2594	2651	2752	
